1500 iteracionees

SET 1
64-50-1-2
10		13		14		15		16		17

762		774		768		786		810		834
726		804		816		726		810		792
798		786		780		678		822		738
786		732		822		834		804		780
840		834		822		816		828		786

64-60-1-2
12		13		14		15 		16		19		20		22		24
948		882		924		954		912		984		972		984		984
870		924		966		900		960		960		966		966		960
882		906		894		942		882		972		984		1002	936
870		924		918		882		972		930		978		918		972
852		1002	906		942		942		876		1026	978		972

102-50-1-2
5		6		10		14		15		16		18		20
181		172		161		155		161		155		161		153		
181		172		161		155		161		155		161		153
181		172		161		155		161		155		161		153

102-60-1-2
5		6		7
219		219		243
219		219		243

SET 2
64-50-3-4
6		8		10		12		14		16		20			
684		690		678		690		678		684		672
666		702		684		690		678		666		654
684		672		702		684		684		678		732
636		684		708		678		702		660		690
666		672		720		690		696		672		672

64-60-3-4
6		8		10		12		14		16		18		20		22
780		780		780		780		936		792		828		816		912
768		780		906		834		882		822		822		810		804
798		756		792		924		846		930		762		816		786
732		792		798		816		858		858		834		822		840
750		822		792		864		930		852		834		816		810

102-50-3-4*
5		6		7		8		9
65		0		129		109		91

102-60-3-4
5		6		7		8		9		10		11  ...
203		214		214		214		214		214		198


SET 3
64-50-6-4
15		17		19		21		23		25
702		732		684		738		744		816
762		660		750		750		690		804		
624		684		696		750		774		804
666		696		672		720		786		678
768		714		732		666		816		744


64-60-6-4
15		17		19		20		21		22		23		25
882		852		876		954		876		888		936		888
858		858		846		978		888		906		840		918
882		834		870		852		876		888		942		834
912		870		858		828		882		834		864		816
900		930		966		852		858		780		864		882

102-50-6-4
13		14		15		16		17		19
132		130		181		98		153		118

102-60-6-4
7		9		11		13		14		15		16		17
197		218		201		209		222		227		225		217
		218		201		209		222		237		225		217



3000 iteraciones

SET 1
64-50-1-2
10		12		13		14		15		17
708		828		834		822		834		834
816		828		846		816		822		852
756		822		834		828		858		840
750		822		840		816		834		834
792		816		834		846		828		840


64-60-1-2
14		16		17		18		20
936		996		960		978		996		
960		1026	1032	966		984		
906		1002	1020	996		954		
870		996		948		990		936		
984		930		990		1002	1008	
					

102-50-1-2
5		6		10		14		15		16		18		20
181		172		161		155		161		155		161		153		
181		172		161		155		161		155		161		153
181		172		161		155		161		155		161		153

102-60-1-2
5		6		7
219		219		243
219		219		243

SET 2
64-50-3-4
8		10		12		14		15		20			
696		702		708		690		714		714
702		696		720		702		714		684
684		720		696		678		672		702
702		696		696		696		696		654
690		702		702		702		696		690

64-60-3-4
14		16		18		19		20		22
876		846		882		894		846		948
846		876		846		834		834		948
876		846		924		912		834		906
882		954		852		930		828		834
858		936		972		924		942		870

102-50-3-4*
5		6		7		8		9
65		0		129		109		91

102-60-3-4
5		6		7		8		9		10		11  ...
203		214		214		214		214		214		198


SET 3
64-50-6-4
21		22		23		25		27
852		834		810		816		822
750		738		804		822		810
690		690		822		780		738	
798		762		702		822		822
828		756		732		738		822

64-60-6-4
19		20		21
810		876		888
924		1008	852
840		870		900
870		906		918
942		894		870


102-50-6-4
13		14		15		16		17		18		19
132		130		181		98		172		181		181

102-60-6-4
13		14		15		16		17
243		218		227		225		232
243		218		243		225		232